30*3
4+5
x<-3
